7.397031494647804	[7.35056285809, 7.43843069622, 7.3410456949, 7.37385036211, 7.39252952706, 7.38979478832, 7.43016528202, 7.3684380461, 7.32297580654, 7.34354491966, 7.37635180092, 7.41696928826, 7.39104206106, 7.43137135367, 7.39723243452, 7.38790968026, 7.42412006442, 7.32875540147, 7.42266817442, 7.40297159613]	0.95	1	4.0	6
7.402135343079912	[7.37546068416, 7.38840721787, 7.35318859508, 7.38480588025, 7.41265172824, 7.40989717332, 7.378109845, 7.31341124287, 7.40416891419, 7.41703574642, 7.39952624443, 7.38685168242, 7.44760732995, 7.47566773207, 7.39199411647, 7.38814810986, 7.42773974006, 7.34938293779, 7.41361010478]	0.9	1	5.0	5
7.417393489340078	[7.43843019349, 7.44281753129, 7.43019265246, 7.37591801716, 7.40243953679, 7.39129529251, 7.38836166482, 7.45539628176, 7.36960959332, 7.41232658503, 7.40354781994, 7.37549321393, 7.41635548368, 7.42913690237, 7.38581913349, 7.46359140842, 7.43244561775, 7.39577713434, 7.36055486392, 7.40993995167, 7.36678188508]	0.9	1	4.0	6
7.429665855732937	[7.42515262251, 7.39305038396, 7.37050768131, 7.34101019228, 7.37628826494, 7.43530457352, 7.42462605711, 7.4514145191, 7.35199675995, 7.40704570318, 7.42645279662, 7.4200205678, 7.43129135327, 7.38227294647, 7.37876597609, 7.35706130461, 7.41342723532, 7.39792470974, 7.41808461041, 7.39574682917, 7.44261505259]	0.95	1	4.0	5
7.442222705155059	[7.4044060198, 7.40869552895, 7.42362085304, 7.40340390428, 7.43379308519, 7.40389229053, 7.4185946783, 7.41550893034, 7.37451730501, 7.39859685834, 7.40751906191, 7.37937990555, 7.39038716327, 7.44373924811, 7.39966712075, 7.41531333008, 7.39054281002, 7.41687756439, 7.35006749337]	0.85	1	4.0	5
7.431708904302601	[7.40314496565, 7.41615532403, 7.4026840569, 7.42882087131, 7.37101979137, 7.43233785516, 7.42852597668, 7.41696987651, 7.38943437132, 7.36104046914, 7.43395634692, 7.46122330166]	0.85	1	4.0	6
7.450371623431872	[7.44628260801, 7.42730981582, 7.403366077, 7.41723572321, 7.43053453125, 7.49617130526, 7.42951737759, 7.41971589189, 7.41048795765, 7.44872858369, 7.41269596805, 7.42334214118, 7.42388705575]	0.9	1	8.0	5
7.421645796740174	[7.37062502069, 7.38644929394, 7.42013889885, 7.36026314261, 7.35621150054]	0.95	1	5.0	6
7.448272218972658	[7.43343777626, 7.40211828665, 7.38143331853, 7.40224353095, 7.39424730223, 7.37336602096]	0.95	1	3.0	6
7.459030635993676	[7.37870835476, 7.46181119691, 7.41696814345, 7.45413948101, 7.45213468849, 7.39630114575, 7.44274918667]	0.8	1	4.0	6
7.49297090693536	[7.44712896205, 7.44582763718, 7.46451689307, 7.40255072556, 7.45199871784, 7.4336397058, 7.49218310449, 7.50978737685, 7.54524897]	0.8	2	4.0	6
7.496358030030137	[7.40815960463, 7.50478966776, 7.47133441461, 7.46302897204, 7.4227778197, 7.44716441695, 7.50301123755]	0.95	2	5.0	5
7.510085758500379	[7.38073398177, 7.42190198842, 7.41227957887, 7.4347354198, 7.43324788131, 7.37298805409, 7.47454757269]	0.8	1	5.0	6
7.503394291155619	[7.49559650482, 7.49150763605, 7.45310360091, 7.46899626469, 7.424970067, 7.49149852739]	0.85	2	4.0	6
7.492222672454723	[7.49945100279, 7.4216702176, 7.40390113066, 7.44420427389]	0.85	3	4.0	6
7.4738874022731	[7.41097330165, 7.40821207367, 7.38507862688]	0.95	1	5.0	5
7.522864793866301	[7.4690585192, 7.43754500878, 7.45531531468, 7.48790228963, 7.45521896191]	0.95	2	2.0	6
7.5368699516701305	[7.4574221001, 7.49657065712, 7.48069693913, 7.48642103184, 7.53200727916, 7.54812868514]	1.0	1	4.0	5
7.556513291957783	[7.38530252458, 7.41247478795, 7.40763714042, 7.46210174781, 7.3813913729, 7.41330852039, 7.42182954345, 7.38377178419]	0.85	1	5.0	5
7.545558557966389	[7.52432246265, 7.48614499511, 7.48411821212, 7.46957210833, 7.50577511416]	0.8	3	4.0	6
7.563357631670987	[7.51779514492, 7.51098706838, 7.51292904517, 7.48682791851, 7.55739991878, 7.53046843336]	1.0	1	4.0	6
7.536274808278755	[7.49484953088, 7.39918380972, 7.48257068181]	0.85	2	5.0	5
7.551159873307288	[7.40573010604, 7.50109425271, 7.48810854696]	0.75	1	4.0	6
7.5670545538563285	[7.49916082265, 7.46300632143, 7.48074965626]	0.9	3	4.0	6
7.578732313533159	[7.44353593321, 7.5360303481, 7.45742086083]	0.85	3	4.0	5
7.5550812365968305	[7.41669356006, 7.4302392249]	0.9	1	4.0	7
7.620542403856888	[7.57857293456, 7.53877767495, 7.44495431734]	0.85	4	4.0	6
7.635084215573947	[7.52087397286, 7.55900458412, 7.57286846661]	1.0	1	5.0	5
7.644711858680552	[7.55312515062, 7.5533443148, 7.52278024045]	1.0	1	5.0	7
7.620562582646471	[7.4614777886, 7.46998221073]	0.8	2	4.0	5
7.608185842706371	[7.40180366854]	0.95	1	8.0	5
7.780261475908343	[7.45303574689, 7.50263841756, 7.46446760024, 7.48783678349]	0.75	1	5.0	5
7.734910568066862	[7.61554511853, 7.59403112821]	1.0	1	8.0	5
7.656911614560093	[7.39943590294]	0.95	1	8.0	6
7.68135489888572	[7.46842406283]	0.75	1	5.0	6
7.692273337487249	[7.44571323625]	0.9	2	4.0	6
7.698156167682601	[7.43790144637]	0.85	1	4.0	7
7.701735984801543	[7.4975003187]	0.9	2	5.0	5
7.734112799445885	[7.47912032093]	0.8	2	5.0	6
7.75599000173105	[7.4619795848]	0.8	1	3.0	6
7.777220840628658	[7.48403750331]	0.8	2	3.0	6
7.7931095697016985	[7.49778667765]	1.0	2	4.0	5
7.799827082806443	[7.49368597944]	0.65	2	4.0	5
7.808467745519476	[7.50922857972]	1.0	2	3.0	6
7.8186543490347375	[7.51955445724]	0.85	4	4.0	5
7.908096610608467	[7.73811001757, 7.77360029541]	0.3	10	2.0	4
7.835684459558676	[7.55140419143]	0.85	2	5.0	6
7.842048342311028	[7.49780887774]	0.8	2	5.0	5
7.852726051667599	[7.54716724804]	0.9	4	8.0	6
7.861350790445682	[7.56016985312]	1.0	3	5.0	5
7.866137171597936	[7.61049284369]	1.0	1	8.0	6
7.877123162080908	[7.57202725611]	0.9	30	4.0	2
7.879996195768465	[7.57947976499]	1.0	1	8.0	7
7.9154666865759005	[7.61113782866]	0.9	25	5.0	3
7.943981412068139	[7.64021576983]	0.95	15	1.0	4
7.9732941298602125	[7.34110218675]	0.9	1	5.0	6
7.986586727921258	[7.68367443923]	0.5	2	8.0	5
7.997391924391067	[7.69469465345]	1.0	25	10.0	4
8.030053610456338	[7.72800941242]	0.8	15	10.0	6
8.085556571779009	[7.78462243302]	0.6	2	0.5	7
8.154531834003269	[7.85497720022]	0.3	10	5.0	6
8.18487328558822	[7.88592549358]	0.2	30	10.0	3
8.186982813231957	[7.88807719914]	0.35	20	1.0	7
8.206427557383636	[7.90791085083]	0.15	20	5.0	2
8.320100203703468	[8.21951417598, 8.12444331665]	0.15	2	4.0	4
8.313325423619844	[8.01694717938]	0.15	15	1.0	5
8.314810785244635	[8.01846174595]	0.25	4	10.0	3
8.363198197560145	[8.06781724356]	0.2	2	2.0	3
8.429989293255385	[8.13594382135]	0.25	1	2.0	7
8.454739551425279	[8.16118907868]	0.1	5	2.0	7
8.527018535917522	[8.23491448168]	0.15	5	0.5	5
8.53336447918885	[8.24138859365]	0.2	3	0.5	6
8.5709555454226	[8.27972938585]	0.75	5	0.1	4
8.878075401079911	[8.5929916546]	0.05	2	10.0	2
9.376231189482741	[9.10111193609]	0.1	2	0.1	6
97.48891775977103	[7.42842370199, 7.40181811668, 7.42973551347, 7.40992655216, 7.38851387903, 7.35337607417, 7.43910405765, 7.37446744868, 7.40932502426, 7.40035162023, 1000.0]	0.9	1	4.0	5
117.44880576478756	[7.3784446449, 7.4172350984, 7.36074504637, 7.34492970274, 7.39578645413, 7.4166729861, 7.47634715952, 7.39213696295, 1000.0]	0.85	1	5.0	6
205.38437127593156	[7.30165626518, 7.3955017818, 7.42418629002, 7.37281631982, 1000.0]	0.9	1	3.0	5
254.29360377416995	[7.44728740095, 7.36452234762, 7.44141440203, 1000.0]	0.8	1	5.0	5
336.334274734522	[7.39502903609, 1000.0, 7.40052703925]	0.85	1	3.0	5
